#
#set grid
#set title 'Unbalanced Packets Stats'
#set xlabel 'Time(miliseconds)'
#set ylabel 'Packets'
#set yrange [0:5000]
#set xrange [1000:8000]
#set terminal png size 900,750
#set output 'Unbalanced Packets.png'
#plot 'Unbalanced.txt' u 2:1 w l t 'Transmission Rate', 'Unbalanced.txt' u 2:4 w l t 'ID-0 Packet Loss', 'Unbalanced.txt' u 2:10 w l t 'ID-1 Packet Loss'
#
0 1000	0	0	0	0 150 1000	0	0	0	0
0 1100	0	0	0	0 150 1100	0	0	0	0
0 1200	0	0	0	0 150 1200	0	0	0	0
0 1300	0	0	0	0 150 1300	0	0	0	0
0 1400	0	0	0	0 150 1400	0	0	0	0
0 1500	0	0	0	0 150 1500	0	0	0	0
0 1600	0	0	0	0 150 1600	0	0	0	0
0 1700	0	0	0	0 150 1700	0	0	0	0
0 1800	0	0	0	0 150 1800	0	0	0	0
0 1900	0	0	0	0 150 1900	0	0	0	0
0 2000	0	0	0	0 150 2000	0	0	0	0
69 2100	980	0	0	0 150 2100	0	0	0	0
69 2200	1000	0	980	0 150 2200	0	0	0	0
70 2300	1000	0	1980	0 150 2300	0	0	0	0
69 2400	1000	0	2980	0 150 2400	0	0	0	0
69 2500	1000	0	3980	0 150 2500	0	0	0	0
69 2600	1002	0	4980	0 150 2600	0	0	0	0
69 2700	1000	0	5982	0 150 2700	0	0	0	0
70 2800	1000	0	6982	0 150 2800	0	0	0	0
69 2900	1001	0	7982	0 150 2900	0	0	0	0
69 3000	1000	0	8983	0 150 3000	0	0	0	0
149 3100	1980	0	9983	0 150 3100	0	0	0	0
150 3200	0	2000	11963	0 150 3200	0	0	0	0
150 3300	2000	0	11963	2000 150 3300	0	0	0	0
150 3400	0	2000	13963	2000 150 3400	0	0	0	0
149 3500	2000	0	13963	4000 150 3500	0	0	0	0
150 3600	0	2000	15963	4000 150 3600	0	0	0	0
149 3700	2000	0	15963	6000 150 3700	0	0	0	0
150 3800	0	2000	17963	6000 150 3800	0	0	0	0
149 3900	2001	0	17963	8000 150 3900	0	0	0	0
150 4000	0	2000	19964	8000 150 4000	0	0	0	0
150 4100	2000	0	19964	10000 150 4100	0	0	0	0
150 4200	0	2000	21964	10000 150 4200	0	0	0	0
150 4300	2000	0	21964	12000 150 4300	0	0	0	0
150 4400	0	2000	23964	12000 150 4400	0	0	0	0
150 4500	2000	0	23964	14000 150 4500	0	0	0	0
150 4600	0	2000	25964	14000 150 4600	0	0	0	0
149 4700	2000	0	25964	16000 150 4700	0	0	0	0
150 4800	0	2000	27964	16000 150 4800	0	0	0	0
149 4900	2000	0	27964	18000 150 4900	0	0	0	0
150 5000	0	2000	29964	18000 150 5000	0	0	0	0
150 5100	2000	0	29964	20000 150 5100	0	0	0	0
150 5200	0	2000	31964	20000 150 5200	0	0	0	0
150 5300	2000	0	31964	22000 150 5300	0	0	0	0
150 5400	0	2000	33964	22000 150 5400	0	0	0	0
150 5500	2000	0	33964	24000 150 5500	0	0	0	0
150 5600	0	2000	35964	24000 150 5600	0	0	0	0
149 5700	2000	0	35964	26000 150 5700	0	0	0	0
150 5800	0	2000	37964	26000 150 5800	0	0	0	0
149 5900	2000	0	37964	28000 150 5900	0	0	0	0
150 6000	0	2000	39964	28000 150 6000	0	0	0	0
150 6100	2000	0	39964	30000 150 6100	0	0	0	0
150 6200	0	2000	41964	30000 150 6200	0	0	0	0
150 6300	2000	0	41964	32000 150 6300	0	0	0	0
150 6400	0	2000	43964	32000 150 6400	0	0	0	0
150 6500	2000	0	43964	34000 150 6500	0	0	0	0
150 6600	0	2000	45964	34000 150 6600	0	0	0	0
149 6700	2000	0	45964	36000 150 6700	0	0	0	0
150 6800	0	2000	47964	36000 150 6800	0	0	0	0
149 6900	2000	0	47964	38000 150 6900	0	0	0	0
150 7000	0	2000	49964	38000 150 7000	0	0	0	0
150 7100	2000	0	49964	40000 150 7100	0	0	0	0
150 7200	0	2000	51964	40000 150 7200	0	0	0	0
150 7300	2000	0	51964	42000 150 7300	0	0	0	0
150 7400	0	2000	53964	42000 150 7400	0	0	0	0
150 7500	2000	0	53964	44000 150 7500	0	0	0	0
150 7600	0	2000	55964	44000 150 7600	0	0	0	0
149 7700	2000	0	55964	46000 150 7700	0	0	0	0
150 7800	0	2000	57964	46000 150 7800	0	0	0	0
149 7900	2000	0	57964	48000 150 7900	0	0	0	0
